// memory data file (do not edit the following line - required for mem load use)
// instance=/test/testTop/insArr
// format=bin addressradix=h dataradix=b version=1.0 wordsperline=1 noaddress
00000000
00100010
01011000
00100000
00000000
01100100
01101000
00100100
00000000
10000101
01110000
00100101
00000000
01000011
01100000
00100010
00000000
10100110
01111000
11000011
00000000
11000111
10000001
00000010
00000000
11101000
10001001
01000000
00000001
00001001
10010001
10000100
00000001
00101010
10011001
11101010
10001100
00101010
00000000
00000011
00100001
01010100
00000000
01100100
00100101
01010101
00000000
10010110
00110000
01110110
00000000
00101000
00110100
10010111
00000000
01010000
00111100
10111000
00000000
01100100
00101101
01111001
00000000
00001010
00101101
10011010
00000000
01100100
00101001
01111011
00000000
01111000
00101001
10011100
00000000
10001100
00010001
01100001
00000000
00000010
00100000
00000001
00000000
00000000
00010100
11000101
00000000
00000010
00100000
00000010
00000000
00000000
10001100
00101010
00000000
00000000
10101101
01011111
00000000
00000010
00001000
00000000
00000000
00100000
00000000
00100010
01011000
00000000
00100010
01011000
00000000
00100010
01011000
00000000
00100010
00000000
00100010
01011000
00000000
00100010
01011000
00000000
00100010
01011000
00000000
00100010
01011000
00000000
00100010
01011000
01011000
00000000
00100010
01011000
00000000
00100010
01011000
00000000
00100010
00000000
00100010
01011000
00000000
00100010
01011000
00000000
00100010
01011000
00000000
00100010
01011000
00000000
00100010
01011000
01011000
00000000
00100010
01011000
00000000
00100010
01011000
00000000
00100010
00000000
00100010
01011000
00000000
00100010
01011000
00000000
00100010
01011000
00000000
00100010
01011000
00000000
00100010
01011000
01011000
00000000
00100010
01011000
00000000
00100010
01011000
00000000
00100010
00000000
00100010
01011000
00000000
00100010
01011000
00000000
00100010
01011000
00000000
00100010
01011000
00000000
00100010
01011000
01011000
00000000
00100010
01011000
00000000
00100010
01011000
00000000
00100010
00000000
00100010
01011000
00000000
00100010
01011000
00000000
00100010
01011000
00000000
00100010
01011000
00000000
00100010
01011000
01011000
00000000
00100010
01011000
00000000
00100010
01011000
00000000
00100010
00000000
00100010
01011000
00000000
00100010
01011000
00000000
00100010
01011000
00000000
00100010
01011000
00000000
00100010
01011000
01011000
00000000
00100010
01011000
00000000
00100010
01011000
00000000
00100010
00000000
00100010
01011000
00000000
00100010
01011000
00000000
00100010
01011000
00000000
00100010
01011000
00000000
00100010
01011000
01011000
00000000
00100010
01011000
00000000
00100010
01011000
00000000
00100010
00000000
00100010
01011000
00000000
00100010
01011000
00000000
00100010
01011000
00000000
00100010
01011000
00000000
00100010
01011000
01011000
00000000
00100010
01011000
00000000
00100010
01011000
00000000
00100010
00000000
00100010
01011000
00000000
00100010
01011000
00000000
00100010
01011000
00000000
00100010
01011000
00000000
00100010
01011000
01011000
00000000
00100010
01011000
00000000
00100010
01011000
00000000
00100010
00000000
00100010
01011000
00000000
00100010
01011000
00000000
00100010
01011000
00000000
00100010
01011000
00000000
00100010
01011000
01011000
00000000
00100010
01011000
00000000
00100010
01011000
00000000
00100010
00000000
00100010
01011000
00000000
00100010
01011000
00000000
00100010
01011000
00000000
00100010
01011000
00000000
00100010
01011000
01011000
00000000
00100010
01011000
00000000
00100010
01011000
00000000
00100010
01011000
00000000
00100010
00000000
00100010
01011000
00000000
00100010
01011000
00000000
00100010
01011000
00000000
00100010
01011000
00000000
00100010
01011000
01011000
00000000
00100010
01011000
00000000
00100010
01011000
00000000
00100010
00000000
00100010
01011000
00000000
00100010
01011000
00000000
00100010
01011000
00000000
00100010
01011000
00000000
00100010
01011000
01011000
00000000
00100010
01011000
00000000
00100010
01011000
00000000
00100010
00000000
00100010
01011000
00000000
00100010
01011000
00000000
00100010
01011000
00000000
00100010
01011000
00000000
00100010
01011000
01011000
00000000
00100010
01011000
00000000
00100010
01011000
00000000
00100010
00000000
00100010
01011000
00000000
00100010
01011000
00000000
00100010
01011000
00000000
00100010
01011000
00000000
00100010
01011000
01011000
00000000
00100010
01011000
00000000
00100010
01011000
00000000
00100010
00000000
00100010
01011000
00000000
00100010
01011000
00000000
00100010
01011000
00000000
00100010
01011000
00000000
00100010
01011000
01011000
00000000
00100010
01011000
00000000
00100010
01011000
00000000
00100010
00000000
00100010
01011000
00000000
00100010
01011000
00000000
00100010
01011000
00000000
00100010
01011000
00000000
00100010
01011000
01011000
00000000
00100010
01011000
00000000
00100010
01011000
00000000
00100010
00000000
00100010
01011000
00000000
00100010
01011000
00000000
00100010
01011000
00000000
00100010
01011000
00000000
00100010
01011000
01011000
00000000
00100010
01011000
00000000
00100010
01011000
00000000
00100010
00000000
00100010
01011000
00000000
00100010
01011000
00000000
00100010
01011000
00000000
00100010
01011000
00000000
00100010
01011000
01011000
00000000
00100010
01011000
00000000
00100010
01011000
00000000
00100010
00000000
00100010
01011000
00000000
00100010
01011000
00000000
00100010
01011000
00000000
00100010
01011000
00000000
00100010
01011000
01011000
00000000
00100010
01011000
00000000
00100010
01011000
00000000
00100010
00000000
00100010
01011000
00000000
00100010
01011000
00000000
00100010
01011000
00000000
00100010
01011000
00000000
00100010
01011000
01011000
00000000
00100010
01011000
00000000
00100010
01011000
00000000
00100010
00000000
00100010
01011000
00000000
00100010
01011000
00000000
00100010
01011000
00000000
00100010
01011000
00000000
00100010
01011000
01011000
00000000
00100010
01011000
00000000
00100010
01011000
00000000
00100010
01011000
00000000
00100010
00000000
00100010
01011000
00000000
00100010
01011000
00000000
00100010
01011000
00000000
00100010
01011000
00000000
00100010
01011000
01011000
00000000
00100010
01011000
00000000
00100010
01011000
00000000
00100010
00000000
00100010
01011000
00000000
00100010
01011000
00000000
00100010
01011000
00000000
00100010
01011000
00000000
00100010
01011000
01011000
00000000
00100010
01011000
00000000
00100010
01011000
00000000
00100010
00000000
00100010
01011000
00000000
00100010
01011000
00000000
00100010
01011000
00000000
00100010
01011000
00000000
00100010
01011000
01011000
00000000
00100010
01011000
00000000
00100010
01011000
00000000
00100010
00000000
00100010
01011000
00000000
00100010
01011000
00000000
00100010
01011000
00000000
00100010
01011000
00000000
00100010
01011000
01011000
00000000
00100010
01011000
00000000
00100010
01011000
00000000
00100010
00000000
00100010
01011000
00000000
00100010
01011000
00000000
00100010
01011000
00000000
00100010
01011000
00000000
00100010
01011000
01011000
00000000
00100010
01011000
00000000
00100010
01011000
00000000
00100010
00000000
00100010
01011000
00000000
00100010
01011000
00000000
00100010
01011000
00000000
00100010
01011000
00000000
00100010
01011000
01011000
00000000
00100010
01011000
00000000
00100010
01011000
00000000
00100010
00000000
00100010
01011000
00000000
00100010
01011000
00000000
00100010
01011000
00000000
00100010
01011000
00000000
00100010
01011000
01011000
00000000
00100010
01011000
00000000
00100010
01011000
00000000
00100010
00000000
00100010
01011000
00000000
00100010
01011000
00000000
00100010
01011000
00000000
00100010
01011000
00000000
00100010
01011000
01011000
00000000
00100010
01011000
00000000
00100010
01011000
00000000
00100010
00000000
00100010
01011000
00000000
00100010
01011000
00000000
00100010
01011000
00000000
00100010
01011000
00000000
00100010
01011000
01011000
00000000
00100010
01011000
00000000
00100010
01011000
00000000
00100010
00000000
00100010
01011000
00000000
00100010
01011000
00000000
00100010
01011000
00000000
00100010
01011000
00000000
00100010
01011000
01011000
00000000
00100010
01011000
00000000
00100010
01011000
00000000
00100010
00000000
00100010
01011000
00000000
00100010
01011000
00000000
00100010
01011000
00000000
00100010
01011000
00000000
00100010
01011000
01011000
00000000
00100010
01011000
00000000
00100010
01011000
00000000
00100010
01011000
00000000
00100010
00000000
00100010
01011000
00000000
00100010
01011000
00000000
00100010
01011000
00000000
00100010
01011000
00000000
00100010
01011000
01011000
00000000
00100010
01011000
00000000
00100010
01011000
00000000
00100010
00000000
00100010
01011000
00000000
00100010
01011000
00000000
00100010
01011000
00000000
00100010
01011000
00000000
00100010
01011000
01011000
00000000
00100010
01011000
00000000
00100010
01011000
00000000
00100010
00000000
00100010
01011000
00000000
00100010
01011000
00000000
00100010
01011000
00000000
00100010
01011000
00000000
00100010
01011000
01011000
00000000
00100010
01011000
00000000
00100010
01011000
00000000
00100010
00000000
00100010
01011000
00000000
00100010
01011000
00000000
00100010
01011000
00000000
00100010
01011000
00000000
00100010
01011000
01011000
00000000
00100010
01011000
00000000
00100010
01011000
00000000
00100010
00000000
00100010
01011000
00000000
00100010
01011000
00000000
00100010
01011000
00000000
00100010
01011000
